5000
10000
376 57
469 49
128 61
275 39
184 68
84 98
489 39
78 3
419 97
186 25
121 54
25 79
420 72
282 32
27 23
323 45
344 1
269 75
322 42
116 38
464 76
316 61
153 42
260 11
332 42
305 85
213 17
498 88
308 90
169 82
410 33
199 92
115 81
259 67
411 59
380 72
87 70
408 72
301 92
179 31
386 54
221 3
416 43
371 53
480 53
496 16
66 65
419 76
47 80
347 25
21 89
228 20
305 16
476 70
398 48
452 49
186 46
415 23
329 34
335 52
84 77
139 65
82 15
481 69
256 78
425 33
423 55
150 68
396 17
352 21
83 14
489 87
91 60
155 72
157 1
182 37
22 43
422 86
186 96
480 43
347 11
334 30
23 57
471 66
425 26
84 35
441 75
267 3
254 66
122 68
243 1
36 98
225 54
81 87
212 94
76 42
20 84
92 9
138 40
348 71
450 1
204 49
355 54
131 23
350 64
210 77
108 1
85 90
411 15
372 96
433 76
29 9
426 24
241 83
455 27
267 43
51 89
388 83
459 59
23 43
312 12
33 56
179 45
117 8
57 52
268 93
36 19
199 30
10 87
463 14
339 86
86 10
100 66
332 44
218 7
185 69
364 32
185 13
221 57
252 49
394 24
151 46
307 13
474 87
43 94
232 54
61 30
456 3
260 73
181 62
10 25
492 100
253 8
176 75
478 74
478 81
482 16
390 74
478 25
146 5
250 92
430 77
498 50
128 92
183 73
293 47
387 85
79 11
483 14
32 24
261 75
79 72
103 10
338 86
386 67
72 71
146 53
391 5
469 82
188 15
46 30
478 36
40 8
256 11
351 92
195 94
363 52
440 29
327 13
257 74
43 28
170 19
308 49
430 15
167 7
87 45
317 65
490 45
266 21
358 48
141 41
88 38
143 74
7 98
18 61
433 18
368 11
461 75
32 45
347 39
460 16
73 29
219 29
71 18
73 96
89 70
464 58
83 32
442 56
365 53
297 87
61 85
154 96
66 44
441 33
354 61
319 45
226 81
37 66
175 10
340 89
449 96
421 66
36 68
167 23
395 15
39 49
320 93
100 40
435 62
379 99
147 17
392 10
262 83
274 53
208 70
319 29
74 83
136 81
251 93
439 45
76 100
181 70
108 16
47 46
318 69
484 61
406 30
5 72
193 25
495 57
289 31
207 23
396 56
24 52
480 41
250 40
219 63
147 31
500 11
278 94
98 9
449 26
491 77
47 66
95 29
287 6
218 43
304 60
215 77
257 17
191 30
463 99
470 66
420 10
324 26
146 45
490 29
193 2
210 54
161 45
448 55
495 93
315 78
121 35
128 10
33 14
68 1
154 95
72 35
241 78
88 25
483 34
8 78
458 22
123 77
53 31
261 33
487 36
312 30
239 60
365 93
69 7
279 45
237 11
332 67
105 4
16 59
224 77
31 12
440 81
238 82
107 34
408 98
422 86
193 41
450 87
187 60
147 55
173 76
297 75
428 66
33 15
316 33
213 67
39 51
164 100
12 24
384 38
330 17
217 48
86 12
148 85
259 89
499 10
312 92
101 92
331 68
373 67
376 39
168 74
308 23
410 97
347 13
316 33
68 31
311 96
407 59
176 61
271 22
185 88
477 79
247 80
381 80
192 44
68 89
14 85
214 23
249 86
400 75
474 65
224 48
437 93
252 86
476 71
285 40
20 34
397 75
47 70
482 15
314 27
212 11
18 89
233 16
10 7
8 95
71 82
40 48
82 99
165 53
437 16
155 26
112 15
283 36
150 99
138 85
429 23
77 25
118 64
173 38
276 94
490 5
30 14
283 10
259 3
139 67
282 75
143 70
58 67
62 44
416 21
454 74
370 100
181 34
394 89
174 61
460 45
345 28
344 35
88 23
235 88
184 94
448 36
36 94
246 51
76 94
40 31
328 2
376 23
494 27
103 28
440 93
157 52
59 37
216 33
425 8
375 98
226 16
474 99
222 23
355 53
184 5
430 73
29 93
96 83
394 48
105 22
312 45
96 33
331 61
455 34
93 55
459 74
171 37
345 13
188 21
54 28
157 46
332 32
158 38
49 100
15 61
435 22
156 67
189 70
273 46
45 84
224 92
130 15
109 15
380 34
256 56
302 17
253 77
200 39
377 2
433 23
471 81
270 24
478 41
175 74
52 24
341 2
318 85
21 49
111 57
112 64
309 27
352 62
211 37
326 2
452 49
312 95
60 46
425 37
344 56
50 14
446 53
108 53
135 32
19 69
464 26
409 49
99 76
175 98
451 28
447 10
13 83
435 84
25 10
161 12
156 36
300 89
250 3
53 11
107 38
73 90
174 39
118 16
442 77
340 54
109 96
170 62
222 76
414 27
94 82
73 81
144 72
2 59
477 36
221 35
462 12
119 28
424 64
388 65
255 43
367 21
269 46
13 66
373 67
44 15
210 58
434 53
410 98
459 12
49 62
63 54
492 27
152 23
382 89
346 49
16 22
103 19
500 34
165 47
60 5
218 4
499 54
192 47
81 44
261 1
143 82
208 14
394 34
156 12
432 57
225 23
306 65
385 28
316 36
156 68
474 2
315 10
336 37
130 63
189 83
24 1
151 47
423 2
354 79
408 58
138 30
432 60
74 94
340 57
486 80
458 9
407 78
8 14
277 96
244 10
62 19
353 52
146 99
117 86
233 84
208 22
84 54
480 74
26 99
121 9
154 81
182 58
483 53
457 87
95 39
368 43
92 95
448 91
414 28
338 11
188 71
111 23
230 66
92 27
43 77
135 16
253 8
349 84
390 18
381 30
276 26
311 62
307 57
192 9
496 79
309 68
205 65
234 77
324 18
98 59
266 56
83 71
125 85
119 98
416 67
256 73
25 5
188 43
67 55
102 34
345 52
395 57
374 61
448 92
295 85
463 16
470 3
421 97
368 84
23 93
449 30
83 6
262 12
357 11
260 6
341 83
395 63
63 91
346 61
114 77
17 29
101 96
494 24
164 74
257 69
269 68
209 8
154 17
88 30
246 65
178 66
474 3
264 83
494 29
408 95
420 27
119 60
28 38
280 57
316 15
51 51
475 3
480 5
248 84
353 36
460 17
177 95
212 34
355 6
240 71
110 40
41 6
374 15
203 59
99 47
139 91
460 68
126 58
379 92
474 49
323 22
279 92
410 84
168 49
180 6
492 65
171 100
445 3
340 46
423 22
287 6
218 70
371 70
388 34
156 14
392 84
280 36
354 57
431 34
370 11
306 16
350 4
71 55
126 69
491 93
428 35
316 50
400 80
192 2
65 14
361 84
389 19
422 41
478 25
93 46
173 44
179 52
323 91
426 53
61 80
246 15
97 83
418 30
15 78
11 19
65 22
104 48
109 12
196 59
350 86
81 21
190 4
30 17
291 75
148 9
61 81
44 57
218 28
229 40
187 15
132 7
275 31
403 62
221 55
193 96
347 46
410 38
92 40
3 69
309 47
285 12
420 3
239 88
220 49
449 34
101 72
75 28
151 20
32 80
417 58
295 9
180 16
231 36
272 63
226 50
306 79
181 86
458 78
166 58
135 95
110 9
161 56
40 3
362 85
441 92
412 3
61 46
274 57
458 98
413 10
8 57
385 55
12 91
288 62
109 3
242 32
76 97
98 35
479 72
448 63
301 64
447 93
499 3
157 4
406 73
492 48
139 38
23 100
91 55
278 44
300 53
354 71
311 65
96 73
24 95
88 4
492 58
17 97
101 67
300 41
455 13
8 5
396 64
372 89
488 13
87 3
223 50
30 64
344 87
437 99
59 15
103 71
385 43
179 41
39 7
11 93
280 78
182 37
235 57
223 2
448 35
131 48
42 27
435 12
301 1
118 28
381 34
256 1
222 54
208 16
469 51
44 99
195 56
330 97
61 23
472 72
476 59
84 18
137 68
105 90
180 20
434 12
268 34
184 12
110 69
478 39
263 75
56 75
343 46
255 60
28 27
496 2
442 62
211 9
105 9
287 22
235 92
235 60
218 56
395 67
185 30
78 24
242 43
314 81
432 14
18 70
206 17
275 44
320 87
199 49
488 10
66 41
360 64
325 43
173 24
72 7
452 18
394 78
440 39
24 58
3 58
238 28
181 93
393 95
413 52
362 27
83 46
469 90
314 94
337 61
295 82
307 14
13 17
298 1
342 66
498 21
462 55
292 65
455 11
180 30
52 7
468 58
63 15
165 61
348 68
427 7
227 61
65 23
269 79
489 94
185 49
493 35
282 8
311 37
11 10
39 65
11 9
78 86
422 67
425 87
156 83
470 72
24 14
486 39
256 95
424 80
347 32
369 70
499 67
256 33
13 19
44 1
53 82
276 20
266 38
2 14
421 99
171 4
496 77
81 48
39 91
314 79
230 43
161 80
54 10
39 31
412 18
411 77
78 86
169 91
217 86
215 1
499 52
489 16
398 6
39 49
316 97
396 40
413 97
46 29
145 90
399 10
270 7
33 81
318 53
158 95
117 86
329 13
274 74
409 14
434 13
151 50
85 10
466 38
459 68
375 55
342 59
65 39
434 42
174 45
301 50
130 57
217 1
480 68
230 40
171 69
60 61
422 72
476 2
39 45
382 42
105 12
79 77
92 52
164 26
5 78
459 14
34 28
252 12
247 89
183 59
74 6
376 100
460 82
419 76
192 26
373 28
99 100
322 67
221 8
240 88
71 67
252 53
305 20
212 23
315 13
49 7
406 87
270 32
12 88
404 10
24 75
144 22
398 57
402 31
287 28
87 40
359 81
8 43
172 9
228 90
275 86
76 36
248 95
6 14
271 78
97 46
392 83
87 72
414 5
482 31
151 30
147 14
230 94
120 32
387 64
452 84
128 70
345 61
472 46
405 22
32 21
385 33
175 63
310 13
466 11
60 40
124 92
9 98
452 96
78 67
225 16
180 39
281 1
266 40
401 81
161 51
268 61
96 91
46 29
101 34
282 16
463 30
151 54
281 95
432 55
208 69
487 26
496 65
479 29
353 95
492 71
491 83
322 52
86 72
164 20
500 43
464 43
387 8
92 14
20 99
219 81
164 63
496 45
396 99
213 48
180 87
116 13
24 88
215 64
43 67
18 72
263 68
17 24
56 24
402 38
228 20
268 100
204 70
333 21
93 61
312 62
425 48
474 1
138 87
106 40
23 5
316 46
326 89
396 35
330 24
26 82
359 59
211 44
414 89
369 34
13 58
244 89
362 78
58 89
431 20
296 40
378 83
325 33
110 6
119 69
133 61
431 96
115 63
286 59
448 19
1 53
301 20
152 23
65 80
79 29
409 50
493 97
96 67
70 54
445 74
418 57
490 23
414 30
382 42
403 71
56 59
380 13
50 57
321 4
473 27
78 95
66 59
312 58
230 25
98 19
220 66
398 12
487 70
455 92
27 50
346 15
360 50
452 6
102 70
442 82
125 31
314 61
377 13
474 16
126 35
482 6
432 42
71 24
313 61
360 48
329 64
344 40
7 32
182 57
447 47
80 55
91 4
376 94
266 33
142 5
37 3
317 19
364 82
320 95
489 30
232 100
90 84
461 1
13 49
296 49
323 28
475 62
342 94
71 23
104 59
353 75
244 42
224 20
443 85
474 37
133 75
121 71
289 26
472 70
494 85
310 26
188 36
6 56
378 57
36 71
481 19
86 50
161 36
115 3
387 5
232 76
431 69
176 18
122 94
25 96
362 19
495 65
445 21
461 68
67 44
126 22
200 92
158 68
2 37
389 23
323 80
435 46
165 52
32 88
1 75
142 37
397 76
416 65
214 45
233 70
377 52
490 56
281 80
329 11
345 33
239 29
326 3
330 31
185 67
118 25
286 82
16 99
443 44
161 22
294 97
426 18
73 73
336 82
193 33
462 7
300 83
380 32
458 86
306 53
205 95
349 1
53 11
254 98
213 19
37 64
275 12
247 77
17 39
91 35
350 60
133 26
146 48
320 36
262 61
195 18
275 53
202 81
363 10
98 61
481 29
216 8
352 52
313 54
442 54
244 12
189 16
256 18
423 29
289 42
462 11
396 73
6 27
409 96
454 15
164 92
88 5
91 1
9 59
147 37
108 53
38 71
290 19
416 78
306 23
109 44
462 77
289 79
110 73
493 66
283 49
13 43
11 20
310 88
178 34
414 95
412 13
242 34
486 63
112 47
37 5
56 1
223 83
92 75
131 17
466 12
291 54
309 75
20 46
80 4
240 93
186 67
312 10
147 17
287 70
478 72
187 14
467 62
311 73
462 41
445 90
401 9
96 24
391 63
489 59
366 49
21 40
406 45
370 92
70 26
191 10
290 85
428 93
202 73
47 11
166 41
28 55
358 2
304 8
240 55
120 3
423 47
334 67
463 62
440 43
119 35
408 7
233 26
497 23
412 77
3 81
410 12
420 81
224 21
197 42
243 84
219 94
496 23
440 49
116 61
16 82
389 76
332 75
131 80
228 56
202 6
164 86
274 5
29 8
340 68
81 77
161 89
421 51
157 92
81 20
265 66
421 35
36 43
105 77
447 10
326 12
39 93
460 51
479 17
328 43
374 30
403 58
197 90
157 95
429 98
414 26
452 46
7 92
205 26
285 96
89 57
23 78
112 97
345 52
421 86
351 100
249 32
362 78
392 15
33 18
165 14
116 40
159 12
30 86
100 8
447 5
71 75
152 16
132 2
413 53
367 98
271 57
413 17
108 51
266 77
376 80
240 7
42 49
242 88
309 12
412 2
79 60
42 94
411 88
104 93
14 1
262 17
325 99
339 97
4 41
406 59
454 80
18 73
495 99
430 10
230 12
394 47
153 36
369 26
334 27
56 9
211 70
421 49
311 82
23 41
362 6
77 62
295 52
157 69
265 16
127 59
277 20
286 43
89 67
214 53
479 1
3 58
15 10
337 80
399 62
216 83
478 84
218 93
63 66
335 46
355 85
412 26
32 13
119 23
23 67
489 45
312 49
289 36
388 2
105 10
320 67
463 81
96 1
142 76
254 95
256 52
449 42
201 80
412 71
449 41
307 73
211 77
360 81
248 72
5 38
266 45
405 92
99 27
408 71
68 7
393 51
149 59
215 39
356 3
397 74
358 51
9 41
268 38
482 75
233 22
26 2
232 7
320 38
181 36
91 59
357 99
406 46
34 40
268 87
375 22
67 42
179 37
145 47
223 95
104 44
395 100
59 93
90 27
60 41
93 84
499 16
8 7
286 63
150 90
479 48
130 74
103 94
42 70
448 87
317 24
17 8
368 88
392 36
300 82
221 9
474 79
9 52
198 99
358 55
65 2
357 68
438 41
479 23
99 54
364 8
393 50
345 86
116 57
333 3
464 27
195 50
220 22
142 21
243 52
276 46
337 63
435 16
486 82
77 89
26 89
291 47
204 72
44 72
92 75
102 22
355 62
10 43
252 8
400 4
330 89
30 60
311 89
157 80
103 5
35 56
254 36
339 60
178 2
402 24
4 71
172 9
392 95
258 37
50 29
273 33
324 46
206 93
362 56
219 99
25 59
363 60
7 46
338 87
346 32
39 7
119 4
157 96
129 19
95 53
313 2
427 92
228 36
494 44
384 37
266 35
395 38
435 68
498 71
330 56
416 63
407 53
230 59
230 38
30 33
81 8
70 42
16 52
455 14
109 15
29 63
120 2
498 17
157 22
35 88
309 14
5 42
327 2
348 82
172 40
200 50
268 65
337 89
139 71
56 52
170 44
242 62
127 33
257 77
68 32
377 35
482 99
369 61
413 58
350 83
317 98
151 24
113 83
421 48
111 59
224 63
363 72
491 91
41 48
5 84
4 43
345 15
272 93
135 89
382 96
27 98
147 56
34 25
134 93
118 82
466 81
291 38
167 11
499 1
104 19
482 45
169 38
14 53
53 41
108 73
319 65
304 57
125 49
410 1
453 32
53 51
415 21
300 49
198 40
15 36
270 73
67 77
331 39
253 75
180 66
232 73
334 13
288 22
198 95
210 74
252 68
70 7
154 46
96 8
136 13
78 5
409 24
12 11
90 32
185 32
189 18
358 26
409 92
417 12
228 68
311 82
49 77
340 3
131 18
2 44
261 16
253 6
176 2
282 23
414 10
459 37
100 63
478 15
354 26
112 12
58 25
192 5
226 66
256 78
170 43
447 28
417 38
359 74
371 60
409 97
335 1
15 97
381 18
493 32
83 70
359 97
16 46
10 33
233 21
269 9
383 18
302 41
49 39
9 30
314 37
136 34
449 73
48 48
485 27
175 50
339 89
130 39
378 63
329 40
117 20
320 90
294 59
8 77
431 18
303 28
469 59
80 9
489 58
279 54
274 78
471 52
162 79
189 38
100 27
48 73
222 84
177 87
412 2
485 10
440 73
168 15
52 68
264 74
481 27
451 8
133 87
470 98
228 76
90 59
122 43
47 25
28 5
95 88
423 2
24 24
17 74
253 68
263 65
85 66
322 57
101 29
395 17
399 29
276 52
380 21
368 35
312 35
79 6
86 12
36 68
21 45
432 26
265 21
214 34
383 92
205 57
288 33
34 21
395 27
380 78
125 45
442 83
464 51
251 85
456 35
372 96
353 47
95 41
169 45
1 79
369 40
420 8
25 29
351 3
1 90
212 68
453 42
164 83
306 2
20 40
66 65
33 34
232 50
172 95
220 61
168 56
396 47
129 61
224 56
255 23
134 58
6 100
482 52
303 19
276 26
426 40
235 7
305 82
277 80
237 3
163 27
244 44
455 20
55 2
444 46
173 25
386 82
135 59
349 79
377 94
454 41
377 57
372 87
223 64
53 15
157 19
34 58
203 73
250 19
217 57
341 60
212 40
220 58
231 64
25 20
355 65
329 43
77 99
344 100
2 51
192 70
399 97
428 66
239 93
55 77
41 16
329 21
234 17
277 62
62 73
159 66
118 44
261 71
99 77
109 31
344 40
37 14
497 62
393 56
222 73
352 41
14 44
109 77
10 96
300 47
497 44
2 69
65 59
321 77
345 73
79 94
396 43
72 18
118 42
74 63
46 36
461 99
420 73
108 76
64 1
14 44
198 75
56 14
275 93
149 57
284 37
263 100
254 28
154 70
226 100
67 83
246 28
415 55
179 6
344 91
332 8
442 29
163 64
313 8
314 16
331 20
485 58
121 18
266 15
315 3
117 38
63 5
145 7
350 22
7 48
289 89
38 13
321 55
22 79
94 55
193 50
357 17
115 59
440 47
192 11
226 91
187 26
207 79
445 26
77 59
256 76
244 67
14 99
27 21
205 94
439 23
103 72
91 80
405 2
497 15
276 41
432 56
432 5
239 56
365 17
280 71
74 100
497 16
148 3
75 71
239 83
447 37
26 42
306 85
457 13
359 10
246 85
188 66
413 51
350 41
305 72
321 69
442 36
395 88
8 49
122 94
215 92
11 88
317 44
182 17
130 98
387 81
242 11
319 96
288 11
60 72
417 98
429 13
206 2
274 63
74 45
231 89
95 35
474 57
84 77
270 12
223 55
161 75
157 3
93 2
14 35
146 44
265 89
15 43
279 88
264 86
115 86
374 100
170 97
9 91
419 98
298 8
298 92
88 97
61 100
185 84
220 9
140 18
165 95
89 40
174 16
246 92
41 90
397 83
296 65
312 62
327 15
135 63
282 87
64 13
11 96
411 55
256 22
133 80
345 49
143 63
197 48
399 45
285 55
318 7
161 65
334 38
294 88
289 76
167 82
279 53
280 33
461 70
416 34
438 12
53 39
470 20
62 80
153 74
460 74
297 83
89 23
51 16
25 33
176 24
313 63
174 77
318 44
464 65
18 73
462 94
182 72
74 92
239 14
268 98
124 51
367 36
164 36
464 19
440 82
119 29
145 80
488 67
63 80
391 53
484 70
298 93
410 10
330 42
106 21
189 1
323 49
272 33
142 4
365 99
140 22
46 61
185 54
211 37
166 47
419 57
297 31
402 77
330 31
291 10
102 40
188 60
48 18
91 22
272 99
301 5
475 94
98 96
254 12
395 30
226 35
103 13
308 22
449 74
483 4
148 12
195 80
60 14
274 56
313 27
240 92
77 44
479 58
19 25
308 48
313 15
293 21
365 69
471 88
140 41
159 81
198 45
292 89
126 31
391 84
369 17
227 61
57 52
398 94
460 84
368 60
64 55
398 37
341 50
497 72
466 61
332 2
181 17
63 15
461 72
74 10
28 75
50 84
360 30
466 33
249 17
52 49
202 78
289 99
5 59
38 24
175 78
457 94
244 78
275 45
166 59
375 94
1 25
87 78
130 1
94 65
52 17
278 87
140 5
162 11
2 45
238 58
309 100
437 35
407 94
296 1
365 47
98 83
373 72
88 95
304 53
409 92
475 19
96 46
480 50
161 28
390 67
377 64
430 64
394 91
331 72
326 9
241 13
31 43
136 31
363 22
38 71
25 43
302 71
124 70
186 24
146 95
97 29
67 64
358 66
395 15
84 32
398 30
430 31
374 28
457 62
290 53
47 30
233 94
386 65
41 6
406 32
229 8
227 15
253 19
438 60
224 78
409 39
374 63
433 72
79 75
340 70
380 50
108 2
77 45
58 6
394 39
114 8
166 83
255 86
209 92
38 4
149 6
423 36
487 10
434 100
47 79
2 5
441 10
448 55
13 79
488 42
333 53
45 79
2 56
333 45
44 17
85 9
350 77
381 76
498 42
444 72
356 86
263 30
113 1
124 50
249 37
285 31
33 40
221 1
155 15
486 12
467 28
227 20
295 88
216 93
33 66
500 43
339 26
119 14
172 95
180 78
441 76
435 79
306 24
155 27
66 35
414 80
248 66
174 71
60 91
232 29
321 27
357 62
45 53
204 11
422 31
451 56
425 5
330 69
28 68
186 100
356 45
420 56
29 7
119 96
46 58
140 8
423 73
136 3
432 37
29 48
35 22
297 62
290 59
2 30
407 37
106 96
395 61
253 92
244 95
89 55
259 13
60 28
194 19
141 72
214 2
44 34
15 49
103 39
70 85
121 32
19 35
305 84
237 51
300 17
199 13
94 3
496 63
254 35
125 55
235 36
49 30
73 19
430 57
241 88
18 54
306 94
237 66
121 91
381 34
90 6
29 46
134 88
466 10
387 52
274 3
343 88
315 84
118 1
484 73
178 7
67 91
275 77
299 6
490 45
310 87
22 43
433 51
74 90
359 68
234 48
28 56
340 51
103 79
12 88
410 16
335 87
167 72
157 55
242 99
301 31
458 3
209 61
249 50
462 46
85 6
45 66
107 10
431 41
185 20
38 99
74 45
192 80
184 93
487 47
239 24
38 64
8 96
99 67
304 3
173 59
230 15
140 98
331 65
307 71
85 99
149 98
373 25
484 71
197 38
441 81
256 70
404 20
20 66
83 81
134 12
340 57
136 73
52 13
120 56
221 48
274 60
140 61
108 56
7 66
1 42
105 66
131 53
127 3
110 67
157 67
499 7
350 28
322 6
149 57
422 25
412 72
406 30
245 77
105 38
278 40
146 94
433 21
494 1
265 78
38 5
263 38
63 62
420 61
23 31
10 25
357 78
181 7
385 94
72 8
330 43
141 54
55 70
57 10
347 5
55 40
48 74
442 45
322 15
485 68
461 52
319 82
37 60
316 78
293 57
370 69
274 14
159 38
440 34
18 10
252 31
104 10
100 20
453 57
69 10
6 55
35 89
170 14
246 55
128 36
467 4
99 77
64 96
457 15
193 98
227 71
411 77
2 70
102 76
118 48
230 61
3 60
129 49
60 76
296 46
258 30
423 82
286 2
394 5
414 66
154 65
238 64
283 80
329 67
178 25
205 44
262 83
483 46
307 98
400 76
100 23
29 66
125 18
172 19
55 57
203 38
147 24
276 26
232 12
494 6
437 77
159 9
258 63
247 74
153 46
200 27
168 8
130 50
22 59
332 21
403 40
483 3
212 16
479 83
150 84
125 21
165 54
492 89
140 58
386 62
395 98
416 24
78 30
200 14
276 10
287 71
126 45
11 29
69 34
87 66
297 74
445 75
368 37
195 74
398 92
481 60
246 6
413 39
272 53
440 16
1 59
465 85
48 34
459 13
422 61
16 20
301 32
399 24
264 22
365 100
82 60
135 12
400 77
123 89
492 76
342 46
255 46
165 51
21 37
362 78
192 96
320 100
282 43
186 57
291 29
273 9
418 64
245 88
2 41
225 69
345 73
117 52
352 67
59 6
33 19
245 76
477 26
234 74
68 95
335 49
331 93
28 31
353 70
231 91
145 76
4 83
270 14
37 44
15 1
32 29
333 52
155 56
130 92
360 86
212 80
361 12
254 76
485 97
275 83
36 10
135 83
115 52
5 76
131 64
219 86
340 45
107 75
165 25
184 54
443 61
168 25
73 14
107 52
301 24
331 79
360 39
266 14
391 2
189 7
487 43
122 40
342 56
36 97
138 19
386 92
134 34
189 63
35 20
190 86
112 35
39 2
196 92
240 77
339 44
258 23
412 10
363 36
379 12
437 67
427 71
467 6
493 49
164 63
334 58
447 30
121 2
14 32
292 84
283 63
72 59
212 7
7 56
30 69
127 5
456 31
176 40
73 47
490 67
275 59
350 78
110 51
13 5
400 20
187 20
30 54
110 49
419 85
432 65
427 53
436 69
75 9
52 46
135 88
195 23
40 59
489 98
323 7
75 5
13 87
178 70
101 48
380 85
347 47
334 17
74 54
301 90
337 23
248 74
460 89
392 97
342 9
140 61
446 76
468 5
430 57
353 29
331 62
219 56
260 90
117 21
171 25
352 60
421 100
247 99
110 62
434 82
360 87
258 7
91 19
331 90
361 90
55 90
6 35
334 24
58 10
15 44
170 38
130 17
269 99
22 93
128 71
152 49
412 10
49 1
14 52
105 19
315 50
420 4
125 29
342 35
402 10
477 51
472 53
350 79
492 21
336 24
470 35
484 78
341 66
13 70
223 79
209 96
168 68
341 19
404 18
34 41
354 96
249 1
423 82
65 5
230 98
210 53
112 27
271 29
127 43
139 7
443 87
437 41
361 82
466 11
239 35
39 8
312 74
135 46
88 24
270 36
223 1
491 3
407 36
499 75
46 1
475 26
344 53
182 15
200 98
38 85
47 32
465 14
198 21
391 70
16 64
370 23
311 40
212 27
493 7
292 31
10 35
324 9
48 5
322 57
23 57
486 72
154 13
255 15
342 53
368 82
433 42
104 26
398 57
269 35
459 39
218 94
459 79
15 28
157 91
301 51
68 38
66 65
105 2
261 41
134 86
370 53
285 14
461 21
488 1
277 69
305 47
215 99
201 67
399 85
493 79
42 62
105 91
288 18
428 74
13 6
264 7
298 15
230 92
461 93
149 20
377 33
52 70
330 66
144 72
353 78
54 25
270 96
37 34
191 49
100 63
140 34
323 5
272 96
146 7
371 5
85 2
500 53
398 29
85 55
224 33
276 99
326 100
457 40
64 88
101 70
311 83
489 23
430 76
471 53
392 44
296 65
297 71
103 59
261 4
109 75
50 64
361 98
240 1
410 23
485 45
103 51
435 39
6 55
307 16
64 2
472 7
283 94
115 18
165 35
271 91
401 77
488 79
288 25
444 8
345 55
202 33
36 94
363 86
279 85
309 89
10 21
409 20
217 87
472 40
155 63
10 70
405 89
276 95
260 23
70 89
155 23
410 84
301 95
398 34
73 18
52 99
294 84
177 59
461 89
401 69
369 53
41 80
475 88
480 68
309 97
162 96
336 24
209 29
53 76
62 13
24 33
20 17
423 26
195 20
216 18
228 9
90 9
375 74
297 93
2 54
421 10
16 68
327 1
459 73
473 91
126 4
211 86
65 20
430 44
99 22
90 8
419 63
394 29
474 32
271 32
108 13
174 90
376 34
173 42
157 92
496 51
6 43
50 17
68 52
371 28
241 98
366 2
465 9
347 75
13 78
402 18
96 76
332 25
202 38
361 47
361 62
119 33
137 54
403 39
43 97
57 97
190 8
200 89
262 57
70 2
152 64
369 2
397 8
24 100
402 48
252 93
232 27
326 4
405 76
267 11
303 70
361 32
192 92
158 36
233 88
214 95
499 57
494 16
239 81
97 58
368 16
346 3
262 6
392 96
106 39
285 5
28 97
374 75
248 45
209 51
404 22
181 28
110 78
2 4
486 67
424 39
405 13
318 41
8 85
385 69
322 89
3 70
463 64
17 97
307 53
200 95
166 79
167 80
257 4
227 55
29 42
437 12
335 65
484 56
160 86
95 8
50 63
109 33
450 68
197 62
495 14
149 30
207 14
357 48
196 92
481 32
398 85
287 4
164 18
34 3
172 34
404 64
2 81
164 98
167 73
115 31
462 17
216 7
315 93
227 62
364 25
144 84
417 45
455 39
342 69
61 82
166 92
380 46
374 50
208 50
352 79
495 91
266 6
434 11
110 42
312 81
411 6
270 30
8 42
176 38
343 69
108 42
296 26
456 24
43 64
80 16
383 57
48 90
185 72
279 16
81 30
369 89
474 18
94 70
464 96
175 12
13 92
48 38
313 70
15 100
99 37
333 4
431 12
314 9
477 1
366 65
242 92
445 67
370 70
218 52
373 99
235 69
490 60
204 6
301 97
270 2
120 2
158 63
500 89
91 51
352 55
415 50
14 70
381 58
165 22
155 65
156 46
165 82
321 18
266 95
211 47
421 84
128 47
120 24
462 33
160 84
465 59
324 8
78 6
272 62
341 54
288 76
99 3
29 78
38 62
334 27
25 32
459 64
97 76
190 59
252 63
368 36
224 85
431 54
248 45
471 48
361 98
177 33
55 36
182 53
121 44
149 77
358 100
133 22
481 16
285 88
140 94
313 32
449 93
144 12
173 71
122 7
172 41
292 61
477 50
237 59
265 68
359 90
158 66
214 96
186 49
157 8
494 85
387 55
444 30
316 87
102 4
160 59
136 20
470 95
379 85
329 13
384 21
19 92
401 87
267 24
331 69
465 62
244 93
239 86
229 30
206 62
42 64
277 21
96 31
462 83
147 84
387 90
338 48
58 22
236 19
379 33
484 33
46 35
191 14
309 32
272 11
180 29
440 10
191 35
148 50
154 50
460 29
94 99
469 14
312 96
337 22
395 84
429 76
143 57
467 48
292 61
257 82
311 61
274 4
103 44
32 77
110 67
134 2
159 35
302 64
291 7
481 92
451 60
434 92
105 7
500 27
140 73
84 98
245 73
351 44
316 77
472 63
267 14
244 24
313 30
345 37
114 62
44 96
170 77
447 59
187 70
355 90
135 25
102 9
106 93
79 98
116 32
176 45
469 87
308 51
349 4
323 88
339 78
467 3
237 43
400 75
322 80
390 46
274 36
141 45
121 61
198 4
279 64
32 84
467 55
333 6
11 10
138 24
131 81
20 22
91 31
405 90
82 80
67 71
120 58
482 92
159 62
48 37
410 26
412 21
118 69
463 91
370 59
447 74
61 13
345 90
465 4
326 76
178 26
212 81
219 64
354 20
264 91
301 72
101 60
404 55
257 58
406 32
255 59
319 22
145 26
144 90
346 23
207 91
462 51
183 92
179 61
199 22
351 21
425 26
3 44
9 5
21 25
470 34
17 79
341 68
237 14
223 69
247 74
309 77
196 65
470 23
365 13
215 9
280 39
292 79
488 46
245 38
26 54
64 37
301 82
244 99
131 19
181 46
472 43
374 100
45 95
363 100
165 17
473 47
249 73
302 87
258 28
313 47
259 9
122 13
238 60
282 57
227 60
254 10
44 74
60 74
320 70
17 81
490 92
101 18
163 31
224 73
499 84
130 40
80 63
253 41
253 66
386 68
138 2
241 17
83 37
309 72
234 8
152 63
9 58
370 59
500 34
388 95
191 34
327 49
295 99
58 70
62 78
472 49
312 52
276 31
431 2
443 81
110 28
88 77
217 92
38 30
484 13
495 51
71 92
251 90
309 49
307 16
100 11
367 63
372 98
90 79
485 65
33 79
478 3
477 97
63 100
76 39
407 76
42 38
166 100
432 30
441 54
34 35
400 66
421 68
350 36
479 67
404 48
134 60
474 12
303 57
323 53
172 49
4 12
392 28
262 29
149 26
216 65
173 51
445 41
393 67
152 79
107 61
97 69
216 9
412 79
150 2
260 44
426 45
115 52
240 56
432 48
361 54
197 82
458 56
48 31
63 55
123 46
435 38
39 75
498 94
241 40
398 76
430 99
226 64
293 40
348 68
278 48
246 78
458 78
220 81
276 93
88 77
182 70
289 6
188 43
380 3
288 12
331 63
182 37
372 91
426 97
307 6
120 17
231 10
375 8
86 59
454 5
178 33
491 62
330 45
296 72
478 43
318 86
494 79
84 6
381 73
345 90
344 19
141 8
388 53
305 4
358 94
197 17
422 74
282 10
14 6
141 62
160 80
206 66
333 11
31 47
483 5
255 95
485 59
478 63
41 28
440 43
327 58
146 33
196 10
464 82
202 6
288 37
438 24
266 69
325 20
408 31
127 34
267 4
353 14
327 25
463 44
415 11
189 95
197 19
21 95
121 23
48 5
27 86
344 12
418 22
315 30
390 23
210 97
134 18
368 39
371 27
408 94
239 43
204 16
37 41
399 42
440 56
42 59
206 24
90 32
259 29
245 9
410 49
342 14
16 80
354 31
122 31
81 61
59 48
428 71
379 55
320 51
286 81
3 32
465 28
337 55
293 75
89 89
460 63
121 29
212 51
431 18
314 28
98 44
200 52
321 78
190 43
218 38
162 47
118 88
431 100
263 79
127 87
490 5
251 16
54 2
198 61
52 36
236 70
132 30
126 18
407 25
231 23
479 42
481 76
141 62
24 10
425 82
314 5
83 35
56 53
168 12
55 29
267 21
171 6
461 60
440 94
239 38
286 3
434 89
26 39
155 27
153 18
400 97
277 46
178 17
170 9
405 65
39 8
461 45
456 43
423 94
154 69
307 80
126 81
435 53
258 81
344 23
322 78
478 12
349 41
110 68
146 88
420 43
313 72
83 19
190 17
264 44
422 46
96 46
83 27
477 99
277 28
455 30
486 76
133 67
1 30
315 67
327 51
121 23
146 32
483 88
491 61
414 78
33 69
227 37
14 32
310 79
322 51
106 59
162 92
52 53
382 97
61 4
46 89
96 96
17 48
7 68
3 34
88 47
190 99
150 93
31 49
129 28
310 99
208 64
121 96
406 84
12 7
484 33
462 50
113 12
11 93
401 79
395 56
413 24
266 3
383 54
37 61
78 4
492 63
310 63
196 26
49 58
50 35
16 80
224 50
228 69
352 46
479 9
359 11
467 69
12 61
41 95
425 12
53 49
101 47
254 81
438 77
316 28
333 2
189 38
4 30
409 20
207 35
151 49
110 76
77 26
46 2
339 98
146 6
95 60
472 35
217 46
192 42
223 33
336 3
368 42
497 25
72 5
349 64
127 96
121 23
19 95
432 61
59 13
177 12
298 53
82 88
243 85
362 40
306 31
176 50
283 59
192 32
117 84
457 18
250 14
423 18
249 27
107 86
312 93
482 21
367 64
314 45
441 100
339 83
245 100
108 95
463 92
332 77
392 1
156 93
160 71
305 23
207 59
415 38
78 26
84 25
26 80
461 54
249 93
272 15
472 38
65 39
269 51
418 14
498 55
137 23
97 71
311 61
317 52
107 87
133 7
263 9
448 78
223 48
476 37
368 41
135 31
351 93
427 14
277 59
177 99
73 98
401 21
276 84
183 79
308 52
121 30
324 84
287 54
403 62
495 8
360 92
63 47
177 9
499 25
458 18
195 37
471 9
244 67
60 5
126 43
317 90
250 29
95 90
113 88
250 16
241 18
235 61
298 12
431 24
107 38
301 65
494 61
16 33
362 55
280 63
180 91
75 43
328 5
195 32
244 16
151 7
17 14
238 70
369 4
107 81
209 72
437 68
236 83
32 52
91 2
344 95
98 94
394 94
495 30
233 69
450 58
367 42
461 18
440 1
253 85
102 36
396 50
486 17
296 66
18 100
367 27
451 31
81 9
29 39
492 12
109 29
214 89
101 73
272 48
134 34
140 73
227 57
20 33
129 70
229 95
79 49
191 88
254 29
43 80
108 51
85 62
14 65
200 70
394 97
18 65
136 39
172 37
463 57
104 49
34 10
381 42
494 53
393 43
269 77
118 71
169 81
215 30
128 24
323 81
230 56
62 29
357 18
203 100
133 28
166 66
428 50
471 95
184 42
175 58
231 89
385 30
117 93
351 66
424 82
181 90
500 73
406 3
126 66
307 40
267 36
393 19
28 29
471 66
476 60
299 95
400 7
407 92
39 96
59 23
398 43
121 17
469 41
345 89
134 8
3 83
1 63
269 13
342 15
301 19
339 93
363 58
61 70
198 14
156 73
241 92
69 72
171 33
272 74
8 25
62 95
62 14
381 68
343 93
401 72
133 1
149 7
293 53
290 11
217 40
371 56
395 35
482 32
307 67
26 91
157 84
346 39
170 69
124 51
297 1
261 57
15 17
153 14
119 22
186 89
140 30
418 90
355 14
204 76
489 99
414 92
353 42
213 17
226 68
56 65
112 85
4 57
51 23
275 64
468 43
106 60
395 100
245 58
248 31
60 87
394 93
65 54
488 46
415 96
382 86
177 65
368 67
195 85
258 63
349 95
264 30
429 40
54 85
405 60
374 52
166 9
144 69
479 100
287 14
229 8
202 53
127 24
246 33
268 16
330 28
40 50
298 68
328 42
441 6
126 73
25 53
161 50
312 66
331 63
108 96
455 45
2 83
221 56
488 41
303 54
252 40
499 18
196 44
231 73
328 40
275 52
129 76
441 79
223 42
169 21
72 17
148 96
10 77
379 91
171 85
280 63
153 29
476 34
145 52
89 66
239 76
93 29
214 100
463 55
111 11
450 32
472 69
425 8
475 23
430 33
240 62
94 72
411 52
363 42
201 82
378 84
74 1
31 48
104 40
403 2
198 2
38 64
359 48
389 89
323 60
146 96
202 71
237 100
88 17
497 34
485 67
367 51
22 78
110 66
223 49
264 9
186 66
436 27
152 17
437 16
163 18
366 46
396 54
190 31
494 19
282 11
179 7
80 87
181 30
330 50
363 83
271 87
193 45
57 15
105 14
221 84
124 43
179 86
496 13
225 9
87 40
369 20
372 38
64 5
404 62
26 12
344 97
476 76
86 93
185 95
337 41
184 22
12 100
472 69
41 93
137 39
378 46
246 54
180 67
160 80
224 2
210 41
355 57
418 49
180 55
279 84
496 43
294 20
353 45
78 90
367 74
211 89
487 90
43 79
88 4
428 48
156 30
36 8
182 57
161 68
241 95
439 37
98 28
45 28
117 82
4 89
178 72
290 53
321 16
61 13
374 27
22 10
395 78
293 90
179 66
62 28
16 97
406 26
490 11
414 25
262 38
131 87
474 38
243 57
470 48
283 80
188 53
321 89
123 65
220 45
28 56
233 14
433 65
328 31
355 78
444 52
191 27
443 78
159 98
425 48
469 33
255 50
8 34
491 73
235 64
118 11
283 67
77 76
172 54
260 81
470 15
196 76
24 47
403 41
397 6
21 11
106 41
5 73
148 25
493 46
306 35
42 67
22 43
487 25
93 10
363 11
448 11
493 61
328 15
80 25
220 95
203 16
350 86
398 77
18 52
274 85
434 22
342 6
499 63
182 66
4 59
276 74
465 62
213 32
389 6
181 96
28 61
166 2
115 45
242 64
328 77
75 61
90 25
350 99
189 76
103 29
234 85
440 92
297 95
188 8
242 10
323 65
250 39
131 30
70 42
484 52
421 97
159 43
302 95
467 26
276 6
250 80
21 58
275 76
89 80
80 37
299 73
29 84
180 35
341 94
295 56
445 36
205 48
47 90
474 69
341 48
167 5
110 7
54 33
304 7
243 83
70 27
260 93
500 22
215 55
333 81
391 20
352 89
152 34
86 94
263 40
419 4
212 69
499 93
42 53
459 79
336 13
368 83
238 20
4 18
280 44
130 71
368 87
110 94
102 94
309 3
307 17
94 42
482 57
455 86
335 11
82 35
205 10
402 4
363 58
20 64
469 18
317 77
224 27
227 47
227 41
112 34
391 67
433 90
490 70
303 90
307 23
150 23
89 22
196 14
144 1
168 61
140 24
2 34
401 65
154 88
31 56
110 58
87 73
341 21
274 44
398 9
8 25
286 7
23 28
261 38
377 55
441 84
16 52
12 42
61 12
215 38
314 21
444 79
112 70
434 86
475 83
381 40
440 36
284 96
109 82
365 91
271 54
275 57
420 24
271 30
78 34
143 24
49 88
313 26
432 51
163 46
297 63
387 75
86 66
44 42
350 38
105 49
16 80
210 49
474 33
157 85
46 13
42 54
198 83
138 26
233 24
192 7
348 96
106 32
377 41
179 7
278 89
297 21
22 2
460 70
165 43
139 59
4 22
459 17
130 64
166 63
109 21
23 23
229 93
218 61
499 42
136 69
293 26
280 6
144 11
116 15
313 86
144 96
440 17
315 76
278 28
366 22
178 90
329 90
442 75
196 69
279 68
41 79
91 51
491 32
185 17
208 49
70 97
422 37
94 42
170 39
404 7
34 42
235 66
233 14
57 62
304 29
297 9
155 70
4 62
281 92
203 14
104 54
152 18
249 49
118 60
491 95
106 37
221 63
23 6
420 49
472 46
293 72
81 36
420 85
428 97
99 69
165 19
118 53
411 55
354 97
184 20
422 75
310 90
200 18
40 54
25 59
421 50
440 58
143 8
148 44
91 30
416 43
23 68
199 19
495 89
97 72
108 27
444 23
314 73
338 66
193 70
318 18
271 76
348 75
407 6
291 79
53 37
193 23
212 49
209 98
384 100
253 90
226 3
249 28
477 67
260 63
142 70
211 16
382 54
306 8
318 30
476 71
206 32
182 43
350 69
112 16
427 39
194 67
286 56
400 89
223 52
77 25
495 21
61 16
285 21
466 68
498 31
203 39
311 98
390 70
268 94
316 45
34 96
50 80
289 84
334 50
343 80
230 65
308 80
292 63
42 17
199 28
20 83
149 51
190 54
386 61
247 34
368 99
451 93
470 96
181 33
430 36
463 39
110 22
353 88
39 44
348 17
169 86
441 8
362 20
1 89
493 70
317 58
224 40
20 27
97 15
92 40
441 77
38 85
474 33
386 70
311 91
195 3
30 76
263 55
297 33
230 63
292 80
191 22
177 8
187 94
397 66
400 61
294 24
88 13
262 56
344 77
291 16
175 21
27 18
208 20
319 94
467 72
154 67
29 65
499 81
422 61
94 32
167 36
254 30
2 88
241 86
145 8
268 8
212 24
363 66
210 55
431 48
130 47
208 4
12 49
65 93
103 66
401 33
203 93
65 65
498 74
436 72
390 50
206 34
331 100
296 66
423 31
278 86
473 89
141 22
194 20
428 48
401 15
90 78
2 47
306 8
93 11
394 64
432 76
208 7
386 9
342 25
445 74
179 44
79 7
362 49
421 11
475 96
319 85
224 6
271 100
2 19
207 2
456 69
301 14
54 49
298 78
310 16
58 26
327 35
400 71
107 10
215 10
343 35
499 88
320 85
165 70
12 99
57 93
217 91
15 44
130 62
356 5
31 2
329 52
322 85
416 93
99 52
282 89
467 4
340 8
257 44
58 66
409 31
421 62
30 27
269 98
225 94
142 24
95 7
238 36
135 65
243 23
355 23
344 7
496 24
146 97
368 37
73 47
404 39
217 58
307 3
242 95
78 35
378 40
111 88
445 45
450 88
61 43
146 64
39 46
218 22
17 10
277 19
246 95
314 28
387 69
215 42
332 8
26 87
78 92
217 91
398 41
289 16
150 74
37 74
486 68
24 42
385 40
399 67
97 8
399 13
49 46
178 25
382 97
52 98
360 26
341 63
457 30
346 84
86 41
348 85
289 94
19 36
319 15
406 23
326 7
290 22
42 19
414 30
184 6
78 94
171 20
435 73
198 9
225 44
349 69
422 54
196 95
142 37
181 35
263 90
154 64
28 92
145 46
196 28
282 35
364 45
58 60
437 23
145 94
403 89
447 89
395 67
475 65
46 52
400 67
190 64
443 39
60 6
400 28
487 20
132 99
151 66
135 64
350 40
75 89
263 90
489 67
160 39
342 46
486 37
272 17
162 6
310 44
474 92
482 97
109 69
442 7
479 18
113 20
428 12
174 13
98 32
181 41
401 79
229 72
127 25
462 23
484 67
87 10
500 58
131 92
338 95
368 16
135 72
304 90
452 60
383 11
108 77
65 81
57 57
480 93
41 91
392 66
179 64
287 90
4 85
419 23
279 50
14 67
244 76
316 36
225 27
91 43
96 63
243 96
93 72
227 45
171 59
124 58
332 39
172 56
298 72
250 96
292 83
432 63
337 58
393 24
343 21
400 93
311 78
457 33
496 16
246 22
405 94
49 51
15 30
152 32
299 24
164 28
492 65
195 51
355 59
307 88
392 79
328 93
140 48
205 42
47 14
66 98
236 43
122 64
91 4
190 98
331 92
193 35
288 32
285 34
378 62
466 33
246 28
178 99
76 83
161 37
14 45
161 39
100 26
437 54
485 54
357 49
393 8
310 37
343 17
135 5
161 96
343 34
341 96
165 86
90 34
256 11
224 89
225 95
268 80
345 49
72 71
283 70
90 80
245 58
382 75
198 72
296 99
240 73
298 100
223 79
491 34
326 20
261 19
396 67
225 16
102 9
289 3
471 33
433 93
99 89
348 94
337 67
356 25
62 92
101 91
499 94
495 54
467 92
3 34
32 46
59 58
260 70
363 63
213 94
379 46
37 95
246 23
131 70
481 70
46 80
221 41
125 31
225 18
179 59
43 30
204 10
33 42
471 100
279 58
445 65
487 79
357 40
372 5
146 52
22 8
258 21
386 90
413 78
446 22
258 52
308 100
199 53
283 49
219 38
276 56
355 74
458 17
389 28
473 8
393 2
204 25
332 43
118 3
391 38
97 43
100 12
244 91
255 24
122 70
88 25
387 85
347 4
436 55
327 63
161 69
331 64
391 53
303 70
190 75
303 8
491 36
201 43
19 19
323 59
234 42
494 9
168 38
5 60
436 37
433 88
2 11
406 30
122 66
198 65
209 59
341 32
79 34
121 25
130 93
71 46
246 11
149 2
198 34
129 30
346 20
334 80
349 26
241 52
41 18
219 29
229 73
449 10
222 11
252 2
328 79
383 29
123 39
401 92
82 22
3 90
499 2
222 55
353 62
480 29
237 8
93 34
134 28
484 62
456 62
355 57
391 11
55 67
273 30
431 98
411 72
360 35
367 30
121 65
184 32
143 50
438 13
148 16
29 29
52 59
188 48
484 12
348 49
439 9
243 31
481 45
374 26
146 83
294 89
386 30
2 75
39 24
475 20
80 87
114 46
174 27
198 51
297 53
294 76
495 23
453 38
361 61
378 48
258 68
298 17
11 73
28 60
154 76
393 29
381 58
272 6
123 44
479 26
48 9
38 44
203 29
500 87
49 10
88 96
41 43
274 25
248 92
238 81
157 57
339 84
143 46
252 1
117 75
127 41
327 39
491 93
260 3
120 31
19 92
264 60
357 20
288 70
251 13
399 64
236 34
138 42
290 67
485 48
94 71
145 76
284 45
243 32
40 4
224 96
109 78
349 56
484 90
280 54
205 5
267 61
260 90
486 2
346 13
268 62
437 38
178 56
209 25
250 92
404 13
61 57
29 42
151 26
413 3
368 23
430 3
160 50
311 70
254 45
399 40
116 51
245 66
278 49
149 88
189 1
161 30
322 63
50 26
199 44
83 93
305 37
42 17
380 77
423 98
186 57
406 43
70 51
104 32
404 69
56 6
260 48
333 7
108 44
240 43
277 77
188 13
490 31
258 53
59 10
342 54
203 44
117 56
194 59
9 68
156 42
446 59
454 84
394 20
122 75
71 8
229 54
367 71
456 53
392 61
282 79
302 6
97 50
386 9
343 70
476 58
275 3
131 27
20 21
299 92
13 73
43 11
421 98
172 27
150 27
94 18
228 78
214 37
67 33
431 75
129 37
433 70
409 37
95 25
265 32
451 5
301 37
292 70
248 93
443 28
190 94
74 15
30 63
205 56
222 31
270 62
458 7
24 95
113 66
82 10
450 20
472 89
145 7
18 46
88 19
432 8
300 65
414 39
416 48
157 87
42 56
17 45
487 60
413 11
48 65
436 38
198 81
429 97
150 3
485 35
113 17
107 85
113 4
489 81
65 43
93 10
218 34
122 74
171 32
140 44
85 47
369 37
86 39
374 68
255 90
57 1
57 58
420 32
437 47
310 3
486 55
57 89
242 35
364 63
448 92
497 46
201 42
157 35
250 15
39 28
345 79
467 12
369 71
236 9
451 79
419 71
442 17
5 75
355 42
391 65
318 99
261 87
48 53
409 99
81 88
408 19
443 54
241 39
63 46
437 27
12 27
491 18
454 24
145 42
365 48
147 72
38 78
118 54
381 32
63 99
496 3
377 43
214 84
8 91
139 42
88 88
79 96
266 15
334 32
133 12
291 24
176 7
388 43
9 22
400 40
429 41
202 95
94 82
461 12
229 44
425 36
202 74
289 73
316 72
185 25
305 98
258 18
122 36
171 44
55 20
215 84
109 33
164 96
155 40
398 58
194 82
200 6
41 58
186 50
81 31
331 84
18 95
297 94
425 21
484 21
358 64
267 16
77 21
369 66
337 43
410 59
65 85
340 23
283 32
453 3
29 5
426 16
38 57
349 89
429 99
410 40
240 22
447 97
99 56
98 62
202 65
491 90
297 8
174 87
354 71
146 17
496 14
107 89
350 18
262 22
238 42
94 99
432 81
48 70
349 53
118 31
424 8
309 75
446 9
126 26
132 45
266 87
187 42
309 100
191 71
255 54
324 26
435 57
185 83
241 19
490 69
491 85
229 18
403 15
399 14
107 61
440 100
185 58
332 12
485 76
207 24
456 92
28 94
90 35
201 54
332 8
358 28
334 65
259 32
490 57
414 84
18 44
318 9
414 80
32 86
82 69
32 41
170 20
484 27
275 44
91 75
73 14
85 26
221 2
100 73
194 89
6 54
354 17
22 28
374 51
220 58
370 28
245 38
305 2
429 46
461 96
255 14
53 57
135 59
52 60
94 87
242 15
131 26
64 58
291 69
161 15
426 29
377 60
409 18
176 79
164 1
109 60
237 90
340 99
72 94
482 96
28 100
38 84
237 6
191 98
279 27
241 58
212 99
120 73
38 2
44 70
356 84
274 2
333 45
301 18
292 36
192 29
369 61
127 83
408 3
232 2
122 51
457 78
308 75
175 64
91 2
5 7
4 57
233 85
287 69
53 37
23 25
386 3
71 74
229 53
292 61
11 60
438 82
91 55
208 99
373 59
12 78
98 30
406 82
53 26
59 11
12 52
93 5
291 94
69 27
167 73
406 96
339 27
260 38
68 7
39 81
107 17
193 46
235 96
261 92
59 79
289 35
72 44
126 56
391 7
211 96
210 35
328 60
89 12
140 95
183 36
493 6
488 51
242 73
237 1
296 91
134 87
369 28
4 32
151 93
231 69
365 40
498 79
203 40
352 29
42 19
409 85
362 22
421 43
215 49
64 55
109 19
151 22
408 96
446 85
454 69
343 9
311 8
41 18
44 61
49 45
415 56
89 47
234 85
370 96
384 80
83 48
91 52
274 21
424 29
215 13
229 76
50 14
45 36
66 15
461 51
87 60
153 75
12 85
101 50
18 15
5 63
71 43
38 33
422 11
423 8
266 74
194 70
201 96
48 12
399 6
96 74
167 99
138 65
301 47
215 82
341 58
14 9
443 21
6 16
308 16
159 97
464 3
207 15
399 67
246 8
9 44
223 30
245 85
160 67
293 21
232 41
108 19
64 88
488 36
456 15
167 89
34 80
312 45
150 43
309 68
16 51
75 56
184 22
68 66
301 76
428 80
336 31
343 18
57 18
206 22
374 87
492 9
198 28
455 59
81 21
83 94
487 22
78 46
418 92
408 87
284 6
53 67
347 52
325 65
42 8
396 91
385 91
298 84
253 67
212 45
47 54
164 9
197 57
245 34
197 14
295 87
84 59
193 42
150 12
163 38
320 18
374 34
141 21
162 19
14 7
8 52
232 86
484 34
440 72
141 17
356 37
278 66
91 21
207 74
191 86
453 73
138 60
257 19
199 75
380 77
13 45
211 39
152 93
73 88
186 43
237 34
101 9
204 52
212 33
168 10
287 55
278 68
495 34
373 58
409 22
307 50
230 65
328 42
423 22
140 15
125 93
414 70
199 49
439 70
267 22
19 43
87 35
318 49
269 59
153 76
457 30
324 94
361 70
471 41
189 59
264 24
428 72
460 24
18 46
339 71
328 2
113 11
301 10
474 3
123 8
206 44
357 43
298 90
50 18
198 33
266 22
471 82
447 10
302 36
259 61
89 68
147 71
442 28
11 4
438 15
400 73
280 6
263 68
426 81
193 51
470 85
230 4
81 85
17 92
241 58
184 20
93 100
192 50
369 89
360 40
193 92
162 34
30 90
86 55
123 8
98 98
358 50
25 97
475 57
424 57
252 91
194 23
46 39
415 79
470 99
323 15
212 10
416 55
484 1
141 18
98 2
57 43
104 18
196 97
253 87
167 31
220 10
217 4
204 81
216 18
159 73
478 93
258 66
154 55
115 19
310 78
118 59
346 54
92 31
81 39
74 54
462 92
168 36
318 1
277 51
176 43
289 39
232 10
352 22
316 4
231 70
268 59
172 67
154 86
115 73
389 24
122 67
473 6
493 99
355 24
67 4
125 21
91 6
325 2
74 37
290 96
351 60
327 53
40 11
151 16
105 3
429 92
71 65
81 87
266 13
58 47
98 20
345 5
199 20
329 76
259 60
217 72
368 4
131 87
25 38
227 41
401 96
303 87
150 44
148 43
469 98
217 86
223 44
330 31
389 48
184 78
499 37
379 31
45 99
120 62
224 20
484 70
484 3
449 53
82 64
451 96
183 20
458 59
477 79
26 27
78 27
358 22
411 43
349 59
323 47
370 14
488 94
476 10
473 53
206 37
413 50
18 24
438 93
271 85
29 25
323 69
394 11
223 89
171 46
344 90
50 35
22 47
426 55
469 48
165 88
405 61
179 81
326 93
402 4
446 87
231 43
135 88
264 63
412 35
210 79
330 49
213 56
46 69
205 63
181 55
459 28
52 11
405 37
65 81
114 90
138 26
262 56
17 1
328 23
459 47
449 97
493 12
172 52
479 59
250 2
311 28
200 67
410 12
479 91
377 29
291 94
335 66
59 80
8 49
136 12
197 54
135 88
195 11
464 74
262 99
241 89
7 15
104 15
147 60
472 10
117 92
21 76
321 71
81 60
402 17
70 61
327 85
237 1
18 94
33 18
325 39
417 68
401 80
62 27
227 50
285 54
124 80
335 37
16 76
45 70
366 20
226 78
75 38
51 11
25 28
194 93
42 32
7 5
269 79
303 100
214 52
73 16
152 87
101 23
172 91
227 13
356 53
73 52
75 49
360 22
227 6
172 50
275 38
298 2
175 51
34 76
236 36
249 47
472 98
400 29
69 54
390 82
8 31
218 14
22 92
241 34
86 36
99 21
294 80
67 86
363 89
68 78
289 7
284 59
500 81
416 20
159 46
358 3
406 59
447 8
407 5
257 76
45 46
246 15
393 59
113 77
25 73
356 71
433 77
407 28
171 24
240 14
422 14
176 63
387 93
145 55
360 38
301 68
496 52
25 50
274 8
65 60
69 35
259 33
329 93
102 23
371 3
373 70
171 44
216 74
197 41
414 90
72 69
484 60
279 21
257 29
164 61
2 46
155 63
312 19
199 37
144 75
163 45
222 24
352 90
105 81
337 66
190 21
335 83
479 98
486 43
170 57
391 59
66 76
88 92
156 29
136 95
102 77
364 99
300 61
442 10
460 51
220 18
316 40
5 35
481 53
121 24
363 60
383 77
418 80
190 84
375 76
297 24
263 16
468 33
331 72
286 66
492 16
44 63
349 80
38 83
175 29
440 93
113 1
400 29
480 24
198 17
388 15
168 16
244 72
188 35
106 65
326 87
366 73
386 58
413 20
222 53
305 87
380 97
335 93
34 29
232 32
101 88
328 82
339 67
416 57
220 45
166 21
304 40
306 5
75 79
307 53
177 10
370 86
359 70
86 22
209 98
373 54
66 48
198 22
229 8
408 76
441 22
118 3
59 31
291 64
422 17
7 10
391 54
395 11
478 66
330 27
181 56
164 72
476 71
143 94
89 41
372 60
441 15
247 83
298 98
362 27
418 90
363 7
380 89
195 40
358 26
402 81
75 94
157 26
469 79
483 66
5 72
19 73
66 24
244 46
27 18
278 1
237 64
128 100
297 86
75 51
493 42
350 78
41 10
355 86
92 18
141 18
160 74
49 36
302 69
442 54
81 71
360 50
338 92
164 62
88 91
130 80
169 94
291 85
136 98
358 18
341 50
485 43
70 27
455 32
427 90
44 82
432 73
451 39
93 50
79 4
338 14
17 25
80 50
53 82
445 95
255 13
499 91
24 12
83 10
217 9
91 78
467 15
348 43
152 23
90 30
13 54
428 72
344 12
176 93
335 94
186 5
426 60
228 15
370 38
379 9
410 72
468 47
463 83
161 71
86 54
365 79
353 49
68 85
278 96
84 64
478 56
109 68
238 6
207 76
78 48
470 10
295 23
177 63
459 61
107 15
402 12
206 99
323 4
340 72
280 58
380 55
230 16
97 60
388 63
297 52
345 14
468 2
496 61
286 11
24 70
450 4
308 70
81 40
56 11
387 63
65 77
392 46
14 67
97 96
291 67
72 37
274 84
317 49
320 39
347 62
133 40
323 2
231 99
406 43
360 11
185 16
106 25
396 1
90 44
391 93
424 55
325 15
74 87
294 10
403 15
360 10
171 13
420 12
392 96
117 100
182 87
309 96
434 66
348 71
163 63
358 3
19 18
64 88
165 26
5 55
406 100
5 65
393 13
270 72
70 51
27 22
75 31
437 7
70 65
456 30
345 52
478 82
99 48
246 47
70 21
427 50
13 71
250 25
232 2
270 88
498 86
466 11
34 83
40 17
57 45
376 32
351 48
259 58
408 62
41 31
221 65
65 4
395 98
439 76
223 94
146 73
235 17
483 17
464 64
458 69
268 55
444 58
74 66
345 58
287 39
338 37
459 65
57 25
17 48
436 86
347 41
156 7
98 86
39 45
141 65
327 73
259 10
16 71
81 3
212 15
64 19
242 13
496 5
341 25
134 10
53 17
224 45
226 73
195 63
112 55
480 31
187 75
449 82
361 89
277 30
168 66
90 71
36 27
219 50
488 87
259 78
283 75
345 84
46 93
121 84
96 22
305 8
107 28
479 7
229 14
10 31
85 12
474 26
255 66
425 7
97 61
196 63
100 94
379 82
207 89
32 7
366 12
385 99
253 15
280 50
321 39
267 34
203 32
384 8
117 72
282 60
174 37
468 13
198 20
401 69
60 22
73 54
14 43
56 41
126 62
41 2
322 72
176 80
327 37
243 38
321 39
97 74
482 72
464 33
251 94
92 63
131 20
180 12
79 52
97 56
95 27
473 83
327 9
6 20
359 74
231 95
14 48
122 24
421 61
487 90
81 35
308 51
435 51
313 90
319 63
197 7
90 7
349 42
451 2
433 18
269 60
89 23
294 99
446 30
455 2
473 80
26 89
312 38
160 50
222 63
437 20
415 70
340 2
161 22
224 18
76 15
123 83
313 58
8 11
369 24
416 61
44 60
108 50
8 3
22 23
150 31
121 50
220 34
246 80
228 91
193 14
356 30
91 35
154 1
148 94
62 83
200 44
378 12
62 35
441 70
373 12
127 90
7 74
488 62
199 13
358 17
49 66
173 27
171 7
425 11
262 70
302 94
499 57
447 55
376 12
63 75
326 62
209 1
447 93
234 66
262 76
117 29
470 34
66 15
161 33
157 45
7 88
344 90
409 9
212 26
414 37
197 3
163 89
210 79
241 29
115 98
29 83
162 46
383 70
179 81
492 75
211 18
325 80
49 13
91 15
193 63
96 86
112 9
197 76
231 9
442 58
462 63
191 12
340 53
360 73
333 57
160 74
203 74
73 65
417 21
267 57
397 29
486 18
215 33
108 13
170 29
244 78
212 1
40 15
89 29
493 65
256 19
261 66
4 53
359 49
355 14
262 89
124 85
364 82
19 92
373 58
143 78
96 35
244 70
432 82
69 46
286 88
315 56
187 62
278 56
472 90
180 70
1 32
432 81
262 14
212 77
370 4
94 21
163 67
311 4
323 36
269 4
228 35
19 35
234 76
214 14
414 1
347 79
202 14
434 3
160 66
157 28
241 15
186 84
55 92
72 82
269 4
129 36
289 21
283 65
458 54
488 15
175 46
220 9
223 95
5 27
451 82
91 94
493 59
179 22
102 54
328 61
122 83
184 29
122 48
164 69
283 49
371 12
421 77
305 6
483 74
3 56
45 85
121 38
1 39
18 51
346 15
287 75
102 41
191 71
328 2
126 15
269 85
88 52
38 66
244 28
465 20
116 58
35 24
299 32
171 28
243 47
13 21
296 6
261 14
233 75
257 88
272 47
468 18
155 43
393 68
357 43
291 6
21 93
230 67
319 29
42 70
381 51
78 42
112 46
484 41
79 16
211 70
114 90
337 75
147 22
34 28
69 33
108 6
454 18
188 66
243 88
182 13
253 31
465 28
130 61
485 100
128 98
168 24
73 79
162 58
128 51
260 46
480 56
432 28
102 16
347 29
311 85
331 37
434 13
278 24
423 69
313 69
233 18
94 18
173 58
260 97
187 61
285 70
365 15
379 58
18 67
162 79
136 40
221 30
293 55
141 53
130 94
117 97
38 3
436 39
381 88
120 33
436 1
72 35
104 59
361 10
205 43
72 98
274 14
256 11
185 8
90 65
408 6
376 72
210 73
53 24
306 4
256 37
278 89
265 3
487 46
426 6
228 81
395 16
116 18
332 77
295 53
145 90
213 23
133 13
173 13
327 33
428 86
18 55
142 68
492 12
439 51
150 36
406 77
2 54
266 37
285 52
27 28
6 17
444 37
70 82
180 98
281 78
402 59
121 33
443 11
62 27
335 19
245 92
120 53
141 83
166 1
443 72
112 72
393 86
141 18
162 37
435 100
459 59
292 62
345 21
426 48
301 64
417 12
220 40
202 67
348 29
466 56
38 68
235 14
170 53
254 52
448 79
470 87
317 91
267 43
69 5
287 45
182 59
33 37
449 79
79 62
71 70
154 54
99 82
407 48
221 66
100 66
374 76
71 20
63 16
171 26
7 9
49 22
429 67
244 10
141 44
168 15
474 4
163 62
252 52
165 25
111 56
178 33
179 95
285 22
353 24
255 20
202 91
260 29
215 29
482 92
337 8
408 64
437 81
64 56
459 23
300 61
350 76
122 36
167 50
446 78
291 24
412 72
30 81
226 48
426 78
86 58
371 47
32 7
56 5
302 24
46 43
129 33
436 98
208 71
278 79
147 34
198 15
173 43
467 13
4 19
400 23
37 24
485 40
259 72
412 70
265 35
103 28
224 12
311 46
353 78
480 67
307 97
108 15
211 40
54 85
217 8
187 35
186 55
214 37
138 78
227 50
444 31
389 33
484 30
173 64
417 10
146 62
30 36
42 94
142 79
429 6
238 81
325 69
98 58
193 20
169 77
247 11
8 71
191 15
261 16
93 51
363 30
174 84
18 49
165 41
185 88
333 15
470 30
29 32
440 49
356 47
179 45
162 67
264 88
167 99
237 25
198 24
331 47
333 57
224 27
159 68
468 76
70 58
335 5
230 85
289 96
38 7
20 23
114 91
393 28
36 82
113 41
494 88
299 11
224 72
363 90
426 71
260 94
45 17
13 24
346 8
93 72
371 63
33 78
225 2
287 82
118 31
316 8
272 64
488 56
9 94
437 87
276 98
273 70
224 41
13 94
472 69
11 32
319 46
118 70
33 14
441 87
297 81
96 67
236 99
461 58
222 55
206 92
275 20
54 81
177 86
27 20
188 88
40 73
446 55
394 91
361 21
491 86
325 71
461 53
306 88
416 35
189 91
455 12
434 26
328 78
70 76
378 1
22 4
351 6
148 95
346 94
176 72
482 7
18 10
176 63
118 82
497 21
376 74
260 44
213 24
495 93
137 71
75 97
486 10
257 83
153 6
374 91
432 35
402 86
60 10
65 20
24 82
453 60
41 11
488 50
56 10
58 67
441 66
417 96
4 54
245 72
289 32
241 56
28 34
38 4
163 19
171 76
92 12
208 70
46 15
460 85
355 100
429 55
181 62
33 15
21 68
176 50
181 21
431 59
384 9
195 88
408 57
134 79
339 16
57 89
350 34
323 66
218 61
197 53
319 31
3 33
391 36
281 40
87 52
221 31
28 23
208 74
241 43
48 6
495 53
241 60
477 20
250 72
201 83
322 41
218 77
234 22
455 33
5 6
332 83
411 65
312 89
430 11
371 70
331 60
9 9
103 4
283 93
169 7
344 72
171 4
38 44
123 83
270 49
396 97
73 32
324 79
196 43
245 62
179 98
123 37
278 50
396 24
224 44
31 75
367 57
21 78
271 43
89 11
106 30
409 68
64 28
41 59
429 73
284 63
72 91
161 66
412 97
280 64
356 35
80 37
242 17
251 5
9 23
112 31
149 41
141 19
127 30
166 45
169 51
16 99
57 17
364 34
241 62
90 48
31 28
50 84
354 22
454 75
212 4
394 61
101 33
131 31
181 8
129 44
329 72
316 97
244 11
249 57
307 69
230 45
237 24
498 68
337 58
94 55
369 42
461 15
116 44
256 95
245 92
317 88
234 17
236 29
36 83
320 80
104 1
353 2
490 26
439 38
276 30
238 89
334 93
329 68
25 32
299 11
137 91
440 37
226 18
470 16
472 39
372 74
339 91
179 43
211 8
210 1
204 34
434 70
296 53
39 57
143 43
257 64
308 45
431 16
295 63
312 53
158 96
226 7
436 95
103 73
346 80
178 93
368 50
335 65
8 53
422 45
4 3
194 9
238 98
281 39
447 92
270 44
29 65
189 8
266 53
430 3
445 20
193 47
499 42
465 86
356 26
68 24
355 32
117 50
311 98
7 89
372 96
457 45
353 72
130 99
187 57
372 61
154 78
167 22
279 29
291 26
25 80
354 51
356 100
175 3
439 28
148 71
241 89
161 17
266 67
441 67
234 22
12 84
455 38
233 38
67 20
422 20
300 51
418 4
455 97
155 61
134 77
233 19
138 69
309 71
432 11
1 89
427 14
342 55
426 26
119 12
242 39
106 48
28 86
188 65
12 33
254 27
276 69
349 32
398 89
201 92
151 100
18 7
235 19
263 98
177 96
272 87
330 98
229 71
156 31
80 70
335 70
75 18
41 96
377 99
75 89
83 11
56 98
421 24
108 10
47 22
219 14
201 3
106 29
90 24
2 68
68 18
485 57
327 28
474 22
149 7
168 24
69 4
341 41
198 4
179 47
373 6
128 42
133 92
62 83
159 23
177 18
387 5
200 97
162 63
413 46
324 4
125 75
415 59
35 32
92 72
296 41
366 14
43 49
125 51
406 66
477 29
393 5
59 87
437 48
139 7
67 38
354 98
378 7
54 9
267 80
104 83
292 58
253 51
474 38
489 35
490 68
331 44
426 52
97 81
405 48
154 86
477 4
145 94
308 2
289 97
31 29
61 49
445 84
135 35
492 19
292 29
223 2
346 87
420 25
72 34
454 94
316 42
281 21
194 91
241 32
101 79
353 27
280 83
253 24
323 29
1 34
162 43
155 63
53 51
351 54
44 18
190 2
337 59
149 32
224 14
258 23
74 88
355 90
333 88
390 2
2 38
6 64
448 23
323 37
393 42
27 8
403 38
163 72
372 67
152 87
13 85
351 50
3 67
31 5
83 64
286 29
228 48
109 93
326 1
248 26
445 11
52 27
487 21
143 91
182 40
157 72
97 54
265 44
21 76
436 98
187 72
47 71
232 90
211 41
459 75
92 23
199 18
435 51
464 59
381 69
203 29
134 40
37 1
422 22
435 79
458 91
56 99
35 10
155 4
80 63
36 3
309 68
48 40
478 91
27 41
272 100
242 35
382 51
417 60
232 20
230 25
316 85
359 65
289 19
276 79
317 89
73 41
493 61
262 60
318 96
88 46
2 29
283 29
33 33
344 37
49 61
226 69
332 75
55 47
29 22
480 10
352 77
269 99
30 82
17 6
192 19
386 50
166 92
451 67
319 82
219 92
447 23
454 48
425 35
165 52
263 27
130 73
183 96
420 23
179 34
128 23
434 10
417 57
76 40
278 14
304 65
161 47
177 100
50 9
311 67
392 80
411 65
195 89
172 82
43 85
219 74
88 94
178 29
435 68
296 83
167 44
384 55
387 24
279 41
59 76
307 49
37 63
341 54
247 25
17 38
482 15
112 78
29 51
191 2
249 74
302 11
431 47
19 24
332 66
169 82
433 85
95 90
424 58
405 28
105 89
476 74
68 7
301 6
453 3
268 27
162 64
286 73
57 55
37 16
225 50
282 47
31 53
388 41
96 84
171 44
158 38
179 36
426 52
446 10
43 37
75 69
264 56
424 33
138 79
331 11
86 79
468 8
86 71
302 53
158 22
423 45
469 3
49 37
167 99
119 21
117 17
143 100
171 60
341 42
442 7
427 24
154 81
94 28
237 44
482 81
5 46
126 61
10 96
378 29
464 59
144 97
136 56
264 24
256 16
143 10
376 7
347 44
230 84
441 88
33 54
438 15
22 62
226 38
127 41
290 100
244 4
61 44
467 4
402 53
183 59
352 59
256 24
49 92
405 9
3 56
430 27
248 17
116 66
120 14
106 71
473 73
229 38
358 91
387 32
13 62
139 17
238 2
308 81
255 25
28 3
261 20
487 71
354 83
488 52
189 43
71 65
215 45
392 90
204 17
43 13
493 5
69 14
254 3
357 78
51 10
434 79
411 20
208 100
498 15
130 42
492 65
91 80
172 77
467 15
53 92
492 41
230 96
208 3
373 82
410 64
91 42
288 3
62 51
471 76
286 84
485 52
72 78
374 19
28 70
14 1
6 34
465 79
248 28
317 62
442 43
144 94
162 24
242 81
72 58
325 74
392 93
93 92
191 60
267 26
336 27
80 61
380 84
67 75
403 88
411 70
96 41
346 4
311 61
239 37
19 77
197 43
355 23
251 100
288 81
295 29
478 23
470 70
473 70
42 18
384 74
31 92
385 57
474 10
260 93
247 93
425 60
149 14
243 18
11 79
286 27
317 29
171 65
279 32
303 4
309 11
209 84
9 62
72 87
360 69
256 68
223 3
264 47
189 91
28 94
449 58
59 71
406 41
500 34
396 44
332 18
161 99
232 83
200 71
173 47
282 84
379 29
219 11
222 29
162 31
478 70
163 24
462 8
237 25
307 46
465 33
474 67
297 72
403 79
448 8
116 8
349 72
77 98
471 55
473 88
124 60
461 71
316 29
299 52
431 50
342 53
385 87
124 20
94 36
240 76
159 88
45 60
119 24
362 25
77 73
368 22
2 89
141 54
286 21
322 1
480 31
183 43
117 55
358 73
263 70
125 54
258 55
356 13
288 44
114 3
324 60
243 16
96 35
86 13
13 73
267 8
247 64
208 75
376 11
272 38
229 99
240 56
432 13
357 96
192 84
242 92
90 9
382 10
384 100
160 48
427 56
51 81
308 86
160 78
135 66
106 11
20 62
132 35
119 63
108 93
342 69
288 88
475 39
53 27
247 91
60 61
281 99
340 12
76 79
347 84
157 17
352 11
339 71
449 43
87 32
350 72
86 6
129 22
408 62
436 80
444 28
80 22
322 60
483 13
139 74
444 93
499 26
450 44
31 23
98 4
93 45
37 88
485 43
438 99
305 22
231 34
137 12
349 41
47 29
276 15
261 40
193 77
436 16
288 100
79 53
429 42
149 16
110 50
471 45
21 59
337 56
50 39
398 86
96 60
19 86
36 39
272 63
165 76
73 72
6 92
376 45
281 88
58 27
190 55
383 83
252 10
5 31
489 67
208 6
343 60
52 6
221 21
255 6
264 1
270 40
156 47
221 59
399 7
185 86
379 49
434 9
65 32
29 72
360 76
151 37
484 92
486 28
313 21
124 42
263 33
142 26
275 87
287 4
321 67
113 91
463 100
11 20
266 5
419 65
192 41
254 58
242 10
454 19
203 83
203 89
228 88
98 2
113 46
421 27
456 76
451 76
245 98
411 55
258 16
250 64
423 61
418 93
172 4
308 40
498 70
226 77
96 86
301 62
371 49
344 92
240 6
134 64
172 49
33 2
472 18
44 45
15 85
450 43
164 99
495 45
60 4
62 50
135 18
476 100
466 72
184 72
13 68
319 76
214 82
222 90
210 71
154 46
106 17
67 18
205 27
416 86
428 83
226 91
410 10
66 68
297 79
244 18
180 80
454 59
482 9
194 94
139 3
187 37
322 12
125 45
115 20
66 73
90 67
171 100
351 24
344 48
175 86
165 95
207 56
242 89
376 98
72 2
455 9
276 78
465 48
351 57
46 45
162 48
286 2
192 17
260 93
302 50
166 60
66 41
164 53
216 3
440 37
120 78
490 27
76 27
325 87
417 4
214 12
211 78
436 15
255 31
463 53
259 77
281 26
404 78
449 27
359 67
202 97
12 99
104 91
268 34
137 10
136 41
203 27
478 28
408 89
4 41
390 7
256 62
479 60
42 70
64 37
216 76
174 39
325 52
61 42
55 82
353 21
424 41
429 3
287 52
322 29
188 23
336 69
160 100
206 90
21 91
340 17
122 83
316 75
14 38
422 24
434 76
141 76
140 50
373 20
449 72
246 23
231 65
160 45
327 79
121 64
21 63
441 97
402 38
36 73
437 31
77 84
121 87
385 15
53 94
381 65
69 68
428 15
196 36
288 52
371 16
296 85
325 17
94 14
171 88
191 17
362 57
19 72
391 79
149 65
266 45
98 92
274 83
101 64
288 11
11 10
230 21
55 7
162 62
397 8
302 69
387 14
466 48
73 6
313 44
249 11
96 17
37 59
217 85
479 24
350 15
453 70
64 37
438 36
167 89
277 22
227 86
181 54
29 82
161 43
210 3
181 85
231 40
308 59
37 74
191 93
171 47
70 58
94 29
434 37
349 94
226 2
97 98
310 51
42 17
5 75
395 39
425 75
266 50
53 24
471 43
386 60
411 19
382 68
64 95
477 21
355 89
104 30
393 97
260 2
334 53
459 98
275 93
142 89
169 65
46 53
439 47
354 1
101 23
45 97
205 58
220 90
10 99
67 91
314 36
469 59
176 36
445 43
443 71
474 54
86 79
129 20
224 34
141 44
449 28
243 13
42 70
68 98
277 55
408 73
157 94
52 25
213 92
446 48
354 39
50 83
298 32
241 27
62 17
6 68
72 45
29 84
390 12
67 50
261 70
445 36
401 79
376 93
496 88
313 47
185 93
143 44
232 42
153 55
251 99
388 10
458 35
285 50
322 59
287 42
206 34
135 7
123 28
259 8
486 73
232 85
136 87
43 89
254 39
203 80
108 48
481 22
270 64
496 22
433 15
206 86
31 49
499 51
387 72
232 64
15 70
450 38
198 39
492 26
300 94
94 86
444 60
388 12
45 82
211 45
344 45
58 82
29 95
119 69
280 3
7 13
90 51
83 21
120 29
177 46
19 96
94 60
393 60
233 8
227 49
308 3
199 40
254 49
167 62
485 98
451 41
316 93
360 65
43 52
209 95
1 63
431 8
71 24
311 95
52 53
166 67
269 80
397 88
189 92
54 88
75 45
499 71
267 58
112 2
110 49
494 75
354 7
463 70
225 36
383 50
329 53
357 86
172 32
166 73
477 71
401 85
43 89
121 36
24 22
43 36
128 5
63 96
267 67
183 2
89 25
245 28
336 22
430 66
395 18
456 72
373 98
133 79
336 9
500 73
163 43
488 15
310 80
259 51
328 47
69 37
257 23
128 1
489 1
194 45
181 99
236 57
457 5
46 8
233 54
345 48
440 6
192 34
430 69
218 59
1 70
2 82
230 97
20 97
421 18
328 73
106 7
41 94
417 43
307 87
348 12
387 60
132 14
38 97
97 74
333 100
2 17
473 61
268 21
131 45
14 16
421 77
78 10
157 45
461 18
297 9
160 71
151 26
461 89
51 88
252 29
288 18
263 53
180 71
500 33
495 96
65 29
200 66
69 12
128 33
245 20
499 45
445 59
417 68
332 5
199 4
201 7
254 50
164 60
159 55
152 14
172 66
355 75
302 87
187 88
291 10
373 94
270 79
115 3
220 97
366 91
285 16
282 52
464 27
301 10
391 37
250 8
211 32
146 59
2 4
336 48
6 21
434 3
445 3
342 5
425 85
201 31
58 76
233 8
405 10
219 61
228 50
221 34
487 97
348 73
253 25
252 6
388 41
426 33
429 58
470 31
347 37
355 57
137 81
92 90
358 53
444 24
197 5
484 46
61 29
155 92
379 67
271 79
113 39
370 54
301 95
371 85
399 16
362 56
51 70
494 52
91 6
454 94
199 58
133 66
125 21
177 86
75 61
97 86
79 77
235 55
318 75
18 13
212 78
440 74
468 31
370 80
431 13
403 56
41 10
55 55
54 28
5 1
18 16
462 85
8 81
167 80
108 72
213 90
211 11
288 33
231 92
58 67
462 48
237 46
172 8
238 9
53 2
179 10
183 14
467 2
112 7
300 93
438 36
129 31
344 64
54 50
324 98
189 41
26 77
274 87
215 76
466 28
81 87
454 37
27 25
274 66
396 33
480 10
253 67
235 21
82 44
102 25
336 68
227 97
288 95
124 89
399 14
159 48
355 24
304 58
109 89
185 9
119 69
5 98
368 3
97 48
154 24
244 9
299 99
236 73
371 95
270 14
128 71
301 72
151 81
380 36
398 92
26 35
335 54
118 50
8 30
117 68
115 35
8 80
152 2
344 35
488 60
251 79
213 38
476 13
232 20
354 57
270 68
495 16
81 21
315 38
304 48
294 8
474 69
406 60
172 97
315 28
310 70
485 52
107 52
64 47
154 67
311 87
472 60
119 91
495 29
272 94
29 31
459 34
66 50
130 98
114 84
442 92
331 34
139 21
401 59
349 22
498 73
49 83
196 89
489 42
397 34
381 98
95 65
10 8
448 95
88 58
71 8
115 42
303 87
365 62
96 21
375 25
368 86
353 56
472 90
67 15
435 52
250 85
321 17
210 71
271 47
440 27
79 56
363 28
236 93
227 70
63 10
91 10
123 15
455 100
305 71
376 94
47 96
435 45
436 96
119 27
141 15
491 11
9 96
243 68
427 44
5 58
119 5
471 67
416 63
36 65
6 25
40 37
128 5
476 16
39 57
201 19
487 29
295 68
213 41
141 87
470 29
499 30
184 34
361 57
155 62
258 53
129 50
15 31
396 48
93 95
175 32
412 61
463 87
358 43
112 78
83 41
177 63
386 6
353 69
435 80
74 5
3 18
66 61
89 39
95 52
258 61
223 33
380 99
49 81
166 68
338 43
387 62
188 22
128 58
130 27
471 100
96 47
61 100
350 79
382 90
227 77
124 84
8 17
261 54
212 61
389 27
395 17
243 13
398 11
334 49
125 70
40 88
467 4
246 65
457 74
114 52
45 7
289 82
261 15
79 14
213 41
177 60
425 23
134 64
191 29
133 24
155 37
349 85
228 53
48 24
2 93
70 61
136 23
106 96
51 8
191 3
300 97
364 22
483 29
143 85
280 73
63 19
111 13
136 35
138 1
177 44
205 92
400 24
301 68
376 86
158 18
283 84
316 63
33 26
259 84
456 85
365 29
418 18
358 60
40 82
18 80
288 82
232 44
53 51
139 42
77 32
233 47
108 55
57 5
216 68
121 79
356 75
437 83
168 97
103 53
461 78
211 19
21 10
117 60
346 20
268 14
443 34
337 43
287 82
112 50
125 32
310 18
155 5
245 46
271 11
492 9
471 7
318 9
232 87
340 68
157 48
100 7
385 43
401 28
270 70
361 51
456 53
206 81
69 21
328 59
362 78
45 27
134 92
194 34
457 63
450 5
236 87
36 9
67 100
302 40
75 26
439 23
389 25
132 97
342 49
251 25
328 60
424 47
186 58
292 74
216 68
474 86
126 92
268 4
296 97
19 27
316 28
275 42
284 22
249 69
354 75
65 4
239 10
230 89
123 1
248 70
209 23
45 71
6 57
279 69
402 78
209 11
211 22
52 16
217 73
160 46
282 27
383 57
378 100
406 86
113 53
25 57
156 68
203 33
318 40
274 75
392 11
168 98
39 94
479 78
480 62
378 22
400 3
341 3
245 89
333 13
317 82
112 67
189 95
395 87
405 42
52 23
26 11
331 71
412 26
56 87
81 25
251 3
317 2
330 54
56 54
270 90
65 59
252 25
157 84
174 93
175 31
366 8
208 20
311 55
310 42
270 67
209 49
338 41
10 59
267 54
243 96
415 18
450 25
446 18
390 98
71 27
368 11
64 86
362 92
323 89
9 4
169 3
70 44
72 94
249 47
359 8
419 97
304 72
201 24
21 27
170 58
187 38
324 21
177 41
93 8
28 89
385 39
58 6
18 72
292 72
408 10
71 47
178 61
150 8
109 72
258 62
223 68
66 21
179 74
101 54
487 95
457 47
182 46
265 52
423 82
210 91
421 60
122 63
333 46
341 27
65 17
33 29
495 20
123 53
205 50
185 32
313 75
283 72
208 62
141 42
71 5
216 81
362 76
61 13
144 31
100 40
295 14
441 60
412 26
218 49
238 33
373 43
56 14
121 47
67 91
63 71
496 67
336 84
366 47
155 12
356 43
132 3
354 53
138 81
352 81
317 73
446 75
292 84
450 73
424 1
499 40
199 67
416 74
6 83
364 94
465 4
123 35
208 17
397 28
1 82
138 39
21 33
330 100
167 82
413 92
88 72
309 23
204 15
262 19
35 79
426 39
111 30
355 75
45 29
110 100
2 14
41 70
380 50
256 67
478 21
39 3
380 15
167 86
26 62
450 50
407 11
183 78
164 57
174 86
498 95
116 36
101 90
123 63
82 55
121 5
192 86
446 54
13 91
42 82
138 84
344 35
245 67
135 77
257 45
154 14
64 83
263 6
244 13
51 61
151 88
226 82
373 16
428 16
266 74
3 63
36 53
487 26
81 11
42 34
81 87
46 17
415 42
71 48
478 55
13 98
90 74
397 66
270 51
499 10
168 51
449 21
471 34
446 30
53 88
104 23
281 34
354 48
326 31
356 39
297 76
413 20
7 40
332 29
459 24
386 12
46 86
111 16
24 54
194 40
6 17
14 14
329 98
298 7
250 51
266 55
25 69
335 100
187 34
58 78
307 26
497 18
441 87
91 11
226 70
192 4
127 99
330 19
184 56
9 50
46 17
318 48
244 53
80 90
18 41
166 94
403 49
492 44
33 43
52 7
170 29
116 86
310 9
249 84
366 74
409 85
215 89
54 34
287 9
198 70
63 96
386 57
126 73
247 89
373 86
222 40
472 43
322 6
55 39
227 59
152 87
25 7
128 71
191 68
17 43
154 100
63 43
473 19
149 47
282 11
190 22
428 50
271 84
151 35
39 53
89 66
306 84
210 65
334 12
438 7
119 61
397 63
361 38
51 100
168 42
173 16
83 9
136 45
463 89
157 67
42 32
257 23
187 87
190 59
21 7
405 47
236 63
321 60
210 50
76 59
134 27
372 65
97 14
301 72
237 53
345 12
287 63
489 59
108 11
178 77
284 92
2 84
298 71
39 47
269 22
336 22
255 28
84 5
379 46
51 80
305 32
204 3
139 50
335 1
440 32
102 27
359 20
3 86
297 43
148 64
108 79
219 87
300 40
227 6
254 27
43 54
134 79
401 24
333 6
485 83
348 91
143 68
392 50
250 56
482 95
155 75
396 23
410 55
61 80
170 86
149 59
299 15
485 73
319 46
282 85
190 71
484 51
355 49
396 90
182 68
89 69
87 59
287 1
227 94
49 62
498 86
205 22
408 90
374 90
60 94
37 94
34 6
23 8
315 2
66 56
303 32
413 7
386 85
1 38
287 11
141 61
9 66
398 3
326 6
108 98
207 13
59 78
200 28
433 19
48 47
231 13
485 93
7 41
207 5
433 68
74 83
397 13
185 6
415 6
74 94
251 98
24 65
448 95
206 81
440 99
293 92
366 100
395 34
482 65
458 95
388 42
137 91
436 51
488 6
49 43
234 55
392 82
490 34
175 16
131 81
325 28
237 60
117 70
71 77
171 37
227 15
309 16
122 81
438 33
368 17
231 71
28 61
179 100
71 26
157 90
423 43
363 79
286 1
236 86
112 8
465 76
50 76
49 63
243 73
268 82
452 12
338 61
470 52
479 6
410 27
413 8
94 56
79 23
327 45
421 56
255 20
13 95
447 48
100 98
79 57
422 11
84 51
117 61
178 71
221 7
368 83
176 42
25 44
100 52
392 77
469 100
494 77
255 32
386 81
361 13
273 91
79 34
324 14
457 27
367 32
320 44
55 56
13 76
122 67
232 95
69 37
359 83
194 7
118 93
319 16
105 48
303 37
248 86
180 97
154 32
49 85
21 47
228 63
401 35
430 21
379 2
322 16
240 16
355 82
359 42
378 13
11 52
244 25
424 4
412 51
411 24
371 83
56 14
395 3
259 94
57 37
167 56
135 92
335 84
470 37
185 2
180 15
204 21
4 24
396 15
424 18
305 61
279 50
412 33
48 70
344 33
480 89
45 98
404 31
110 53
201 81
401 61
287 24
375 25
91 5
475 75
140 20
87 85
84 9
137 54
324 2
356 85
433 47
188 98
45 50
333 69
242 58
298 67
212 90
197 18
309 10
498 100
164 34
150 75
394 94
37 59
109 96
134 53
94 20
57 23
118 53
485 52
383 84
193 65
220 18
177 27
330 81
57 7
316 91
257 28
185 99
205 20
277 100
391 89
361 19
179 97
203 31
454 68
286 7
158 58
253 100
500 93
390 67
303 67
401 45
385 46
265 29
460 71
110 82
14 90
344 30
28 13
293 62
463 31
173 14
324 78
473 47
258 66
361 84
109 84
401 30
345 51
275 56
211 78
146 29
32 63
106 35
176 82
130 76
449 28
66 63
79 54
255 25
414 12
143 52
174 87
17 3
126 3
185 20
93 65
332 51
112 28
419 23
416 52
140 22
451 96
156 48
337 40
422 16
109 39
237 26
187 35
166 8
356 9
68 100
28 50
368 74
99 14
46 86
332 60
497 4
418 46
127 30
31 23
284 25
86 98
9 36
127 48
246 41
70 53
293 78
232 83
169 11
209 31
389 84
299 9
23 77
241 2
67 9
124 12
328 76
302 21
124 8
499 75
71 86
177 99
130 4
410 7
101 98
65 66
411 49
450 59
56 87
381 1
360 88
330 81
26 13
316 84
347 43
295 91
204 78
28 88
113 31
58 91
207 86
432 48
444 48
172 3
118 28
10 53
26 72
425 65
66 31
97 8
40 9
66 100
157 74
348 39
408 18
195 2
283 17
481 23
116 18
414 56
212 49
439 21
113 6
442 61
316 16
21 91
133 45
389 3
157 14
268 16
17 59
98 100
73 49
293 78
156 67
111 66
290 86
353 38
269 64
169 60
396 2
335 44
153 29
363 59
382 30
25 96
3 84
102 5
38 63
51 77
122 71
260 10
20 27
343 54
278 98
417 46
106 46
463 88
460 67
77 24
455 2
67 97
297 59
300 2
84 91
152 1
443 78
345 86
250 16
410 28
185 58
326 67
231 23
471 89
245 12
178 14
20 97
213 54
129 54
272 70
336 53
328 69
343 67
141 29
348 44
193 96
400 66
490 68
233 31
328 26
302 48
71 10
365 41
156 8
326 41
193 13
402 52
22 50
147 96
217 96
94 28
241 43
472 80
327 48
293 48
381 56
218 27
219 15
262 36
299 81
84 98
424 100
303 17
282 54
277 19
360 9
484 36
242 60
442 94
477 75
112 48
147 10
485 8
39 66
236 47
151 72
395 3
188 26
309 24
297 39
455 92
419 15
266 56
291 87
252 4
409 42
264 49
289 36
123 53
275 57
185 21
91 26
119 38
429 15
142 5
199 73
35 49
33 58
101 28
356 9
412 12
78 36
79 59
105 90
20 24
426 14
66 24
212 97
144 57
349 20
236 80
491 34
171 53
331 11
131 79
82 85
29 89
233 41
367 8
36 9
361 54
285 89
212 78
209 56
262 45
242 20
209 85
50 48
382 39
232 5
449 22
21 55
274 74
378 66
354 43
197 72
464 14
399 60
241 88
455 12
330 29
356 91
464 11
464 50
252 44
145 100
364 93
97 72
153 76
308 18
15 99
344 36
214 78
341 5
151 50
194 23
266 39
500 2
13 35
156 21
196 12
74 57
434 76
372 62
37 43
308 97
238 61
375 71
328 88
206 28
492 76
77 56
359 37
237 84
155 89
226 52
500 87
474 55
97 79
89 36
130 91
257 31
199 5
91 59
352 57
347 91
194 98
433 59
194 24
157 29
140 57
451 47
475 49
362 74
76 93
126 43
164 71
220 45
449 22
171 92
435 69
444 88
203 35
425 57
489 72
405 25
395 7
175 54
105 49
277 23
274 100
3 49
43 41
357 22
62 30
465 8
290 40
128 7
381 28
430 17
262 21
119 89
64 98
489 34
366 8
16 69
313 30
418 61
431 91
315 11
290 59
233 21
496 94
127 30
339 1
463 87
128 83
